956 1413
366 1387
1421 1369
1421 1007
794 1416
1415 1309
1397 182
1402 492
1412 1358
1250 1209
1420 416
1380 85
1364 1254
1316 1129
230 1310
718 1301
589 1422
1411 571
1407 1400
1417 1224
1310 1419
944 1391
1296 1397
185 1409
1252 1422
1144 1408
1360 989
1323 1051
445 1396
1041 1408
1414 1393
483 1388
1260 601
385 1414
1364 735
1284 625
1065 1421
1395 1078
1341 1350
1135 56
1416 1391
736 1380
110 1422
1171 1076
1374 1408
1358 1048
1420 1199
195 1416
498 1422
1139 1419
306 1405
487 1418
961 1422
1421 409
1351 1261
954 1422
1414 1401
1257 1388
1404 1400
15 1303
1153 1095
1422 1145
401 1417
1277 1421
339 1268
1411 987
261 1411
1410 1358
227 1248
1418 630
1392 1303
1405 1032
1212 590
996 1421
379 1374
1417 1399
16 1353
237 1422
1365 915
1414 114
80 1418
1421 438
1407 363
1415 679
1089 1385
1422 973
138 1422
1419 1400
1422 372
51 1246
983 1398
332 1422
1414 1344
1396 1299
495 1390
1420 691
1364 784
139 1200
1039 1358
1399 1416
1393 569
18 1420
1300 1415
886 1417
901 1335
1350 446
1419 1107
1397 801
651 1374
778 1407
1242 1409
1394 806
696 1407
1097 1420
1291 1414
1414 1174
340 1375
931 1044
1406 1364
873 1418
1415 1234
1293 1415
1418 905
368 1422
939 1422
1123 1422
1203 1289
1372 1412
1156 822
1413 1042
1092 1046
1384 1266
1415 1388
1063 1374
1418 1194
1323 91
657 1326
1422 553
1422 1395
1287 393
1221 1293
1375 1310
1346 1160
1395 1145
258 1418
874 1421
359 1372
1298 1405
1418 752
639 1353
1340 1421
1385 432
1421 841
1397 1361
1391 1312
300 1398
1329 1051
1294 1057
1160 13
1421 1084
1419 1358
885 1418
1398 593
958 1420
488 1410
1362 1161
1289 715
1384 569
89 1216
466 1227
803 1191
877 1411
1420 783
796 1345
1421 1253
1390 148
1083 1418
1416 212
208 1325
1419 477
1406 1361
216 1131
1419 868
1344 1416
1398 1311
1366 688
1400 1333
563 1170
1421 418
1418 1085
1422 1350
1300 833
1399 1400
1245 1389
689 1422
1232 1418
1262 1390
1416 1400
713 1375
1420 1182
660 1409
1147 1393
884 1420
1176 1415
1421 986
659 1403
1400 1401
1408 1217
1009 1394
1050 1386
1380 484
1420 680
1039 1416
829 1403
1342 1413
1223 1353
1414 1352
1383 1314
1408 1204
1109 1393
1322 570
1305 1406
1395 20
1422 947
539 1376
1419 1390
1229 460
1299 402
1422 94
1422 463
1420 605
1422 1185
1355 1346
764 1422
1421 1218
1392 493
1068 1147
572 1422
1422 1193
1357 1315
1406 1378
1021 1349
33 1270
1421 927
1062 1398
1419 976
1421 482
1408 1101
1273 1262
403 477
1013 1422
851 1418
849 1385
894 1420
1206 1409
1300 1030
1290 1419
1394 1115
1409 758
499 1348
1422 1011
769 1261
1415 1031
570 1375
1221 631
981 1422
1402 464
1363 1419
58 1420
1387 1060
1213 1419
1420 1352
1100 1414
1003 1295
895 1042
1185 1338
1311 411
1392 289
907 1383
1278 1396
1388 532
1419 714
828 1409
1403 1098
1066 586
1181 1419
1422 619
492 1413
1335 1418
1375 73
1302 823
1405 1364
810 1420
1402 321
1325 834
1420 778
1404 1290
1358 414
1411 885
1413 744
1421 673
1407 440
1417 1368
1371 1385
1422 564
1399 1401
508 1422
518 546
1091 1114
1415 1386
1327 1406
1134 1416
1398 1245
1216 1199
951 1359
670 1408
1097 1422
567 1096
714 1422
1420 1351
833 1057
1055 1377
1407 1289
1226 994
1396 1110
1417 1393
1011 1375
813 1416
1420 1221
1395 1084
1132 804
728 1420
965 1418
637 1261
561 1413
1421 224
1120 785
1402 433
1404 1369
505 1311
725 1419
1132 1406
1150 1418
1406 1370
1415 1035
1391 127
1407 682
1409 999
1411 773
1366 1417
1416 950
566 1421
1249 1382
670 1409
1368 1149
391 1361
1402 1247
612 1382
220 787
1397 1069
39 1382
1418 725
210 1420
1343 358
444 1422
1135 1421
1018 1422
1269 604
637 1418
939 1417
632 1247
1422 815
474 1337
892 1420
907 1360
1077 1419
1365 1215
1250 459
1293 27
678 1422
1372 594
732 1411
1293 384
1417 1062
1383 1421
1105 1411
628 1420
1402 1188
1407 87
1409 1112
902 1255
1416 1302
1037 1320
1397 29
1184 1414
1422 335
610 1416
731 1321
439 1373
705 1295
1026 1368
828 1333
1410 1395
1417 1124
1421 680
1328 741
1420 387
986 1376
1418 1066
1391 1093
1417 1401
1365 1410
857 1393
1390 722
1417 439
1410 1372
1409 1399
1409 587
1421 1055
1420 1027
481 1421
1205 1415
531 1321
1061 1417
449 1413
1381 346
1166 1418
897 1415
1352 61
1105 1418
1067 1386
1303 1404
838 1354
1418 771
892 1422
1421 1118
1411 1399
1413 971
1422 658
1126 1155
1235 1397
1422 607
855 975
1306 546
1413 507
1417 651
1128 1417
733 1421
1395 870
1363 318
442 1422
1412 1291
1418 194
1311 621
144 1413
1406 640
1314 1410
1420 889
1390 1421
1280 1296
955 1379
264 1340
1415 1370
1348 189
1393 1379
1122 1418
1205 1412
1399 1414
1170 1408
1175 1259
1025 480
969 1418
1270 1404
1421 121
1404 743
422 1402
1195 166
427 1422
1387 1406
1419 618
1158 1163
1399 1229
1413 1045
1352 1393
1419 729
1328 255
1358 1262
1409 1134
821 1371
1306 266
1361 605
686 1227
1411 848
1422 1203
202 1413
853 1325
362 1418
1145 1391
1056 1326
1395 1350
181 1387
1158 1233
948 1422
219 1419
1378 661
307 1418
1353 1412
974 1385
1034 1422
328 1338
1090 1059
1154 1418
1357 1417
1294 1316
243 1390
707 1420
1380 937
1409 526
1422 761
1191 1263
528 1210
1366 22
1417 1386
1157 1417
506 1286
1409 797
1409 1265
574 1420
1285 1111
1368 1410
1258 1179
1421 268
653 1413
773 1386
1389 103
1420 483
1413 478
1278 984
1420 703
1422 1212
1406 209
1048 1421
1422 985
835 1315
1391 1422
1422 656
1419 1040
1141 502
1422 42
1360 1416
270 1162
794 1420
1345 1419
772 1421
1420 682
978 1410
614 1396
1418 695
622 1376
1367 1415
1411 184
132 1374
1007 1419
1412 1371
1257 172
1348 1347
1422 1081
320 1409
466 1370
899 1421
1419 1201
1416 1088
1417 744
1421 633
464 412
1367 1321
819 1420
917 1357
839 1413
1322 1412
1404 1224
393 1422
1369 1328
992 1409
404 1316
1420 529
1321 397
1421 533
929 1383
1119 1417
1202 1414
1069 1382
1419 1202
1407 1229
1368 1178
1200 685
1383 1263
1405 1218
1355 1406
881 1325
267 1416
1104 1273
759 1420
1308 1422
154 1186
1333 1382
1408 919
1260 1317
1422 418
1306 1414
1401 1406
1313 1369
1165 1422
1330 1045
1411 625
580 1277
1420 904
1416 503
1395 992
1000 1420
1386 46
324 1388
1389 31
1411 630
1106 1407
901 1348
735 1160
1418 93
1421 1036
1034 1420
1420 136
1285 820
791 1418
1391 971
1326 754
1397 1031
583 1422
394 1422
708 1219
1388 694
211 1414
1398 155
1356 1412
998 1402
1225 1378
716 1411
1421 855
649 1422
1387 319
1016 1422
1422 621
1417 1388
704 1347
1418 503
1079 454
1309 1313
1377 1419
1419 1098
1239 1327
1410 1383
1402 1399
1336 1266
673 1422
1283 1409
646 1371
1054 1060
1399 1415
1404 1344
802 1352
1195 1421
1417 1349
1421 311
1409 198
814 1274
1398 995
1419 632
746 1421
1292 90
661 1416
1317 1413
1409 729
1252 1377
895 1389
740 1419
1414 1369
1197 179
898 1386
1297 671
107 1381
866 1420
1067 350
656 585
623 1422
291 1422
259 1422
768 1354
1308 521
701 1388
1343 1419
1327 1419
1421 1313
929 1342
1402 1047
1418 578
666 1422
395 1407
1326 1331
1203 1223
1231 1382
1022 1417
597 1415
1207 1371
719 1415
491 1171
1414 617
1269 1394
1418 407
1338 1058
1304 1307
226 1403
1404 1387
1398 2
1257 1082
1388 26
809 1421
449 1268
904 1416
1418 1012
766 1420
1065 1411
823 1393
298 1420
1417 1053
707 1421
1345 910
1422 1324
798 1390
1420 743
924 1380
1013 1402
1404 1000
1306 574
688 1402
1337 1412
1421 756
462 1421
1140 1345
1421 49
1311 1406
1222 1276
1375 435
1323 624
517 1380
1417 451
1422 310
627 1371
1304 1421
1233 301
1052 1397
1422 544
1417 1241
1307 431
1401 1410
1395 1415
1347 665
1420 1087
671 1411
1332 1407
1421 469
1408 1279
1421 1308
173 1376
1407 109
1359 1212
1374 1417
1419 808
1254 1408
1329 746
1181 1361
1390 1417
1345 528
883 1388
1411 1059
1139 1071
1129 1368
1417 1358
1391 1250
817 1421
542 1421
455 1421
658 1421
1420 265
1255 1370
635 1421
1190 1345
837 1415
1420 1024
1403 322
1406 1365
1257 1420
1421 779
1421 456
817 1418
1418 842
647 1418
1181 1383
861 1407
383 1422
1198 1413
1415 430
1335 1233
399 1408
1259 1387
1014 968
117 1319
942 1356
1410 1387
1334 552
1422 826
1118 1397
428 1391
1375 231
1417 1293
1408 1189
1169 1392
1410 1380
1406 1220
1002 1228
235 1329
581 1420
761 995
1396 398
598 1407
962 1422
1269 1281
1396 1247
1399 1406
1340 877
1320 482
1246 1382
1406 1231
1420 990
417 1388
998 1422
579 1421
1328 1208
697 1420
1417 1103
1372 1404
286 1421
1002 1350
1405 104
1421 1323
991 1389
1399 1413
1032 1282
1417 844
1355 1267
1291 131
1026 1386
1422 475
858 1330
867 1156
649 1402
1419 1321
1109 1232
602 513
1196 1314
1397 1231
472 113
72 1364
1044 960
1398 441
1421 870
1412 1375
1255 815
1244 1096
1404 1375
1335 1414
1405 1329
1420 433
1338 1419
1124 1350
400 1420
701 1403
1344 337
1412 1324
831 1319
1314 1419
1415 396
1020 1368
1294 1174
531 1355
1305 1418
736 1403
1405 1384
722 1398
40 1359
1419 1063
1022 1419
1418 123
896 1420
588 1396
1354 807
872 1312
1249 1324
1419 1369
1413 1283
10 1422
681 1421
1359 274
1081 396
1422 953
1409 1143
1422 1354
1419 1384
1419 1073
1418 1401
473 1393
1244 1388
1076 1420
1028 1167
1421 960
950 1419
1320 1417
842 602
1418 738
1418 592
1228 916
416 1360
1030 1405
1121 1385
555 1422
1072 1111
156 1409
1021 1420
1353 1376
1392 496
1211 1290
1323 1414
246 1355
1392 811
1281 1418
840 1420
1410 1333
920 1420
1406 1258
1420 364
1419 1218
1056 1422
1420 1120
390 1368
728 1421
1417 162
551 1326
1420 44
1408 1277
1421 726
1183 1411
1344 530
1242 1414
1185 1394
119 1318
1375 1073
1384 423
1397 844
1389 1294
1363 1352
1376 413
1173 1415
1421 554
1413 734
1417 7
1405 1388
1017 1422
1267 547
1404 1337
1392 1240
1409 931
1265 1416
1378 356
1206 1416
1411 251
1418 1069
1421 596
1288 1417
1409 149
1422 284
436 1413
717 1422
30 1391
1159 1387
1418 847
683 1366
1131 1396
86 1407
1421 643
1204 1085
338 1420
430 434
1402 636
1362 1414
403 1083
1275 1417
1395 229
1176 1420
1420 485
159 1419
1033 1194
1227 1356
1390 1246
169 1385
1409 804
1422 1126
753 1420
1256 552
1422 341
1196 1419
972 1284
1287 880
1404 1217
1422 1304
1038 1422
1280 373
1419 1232
1255 1414
936 1388
1331 1091
883 1411
187 1107
862 1411
1275 1398
1406 1142
1347 1412
909 1339
1277 1379
1420 201
1288 389
1008 1341
1016 1418
1366 1227
575 1415
1416 424
928 1264
1124 1419
1410 1092
1257 1275
1184 1388
1421 473
1340 865
1355 1421
1420 678
152 1284
810 1422
1245 1219
1415 1179
1414 1394
1219 1384
1421 1064
126 648
753 1396
1418 800
557 1419
1330 525
1368 1412
1417 1123
1109 1108
1087 1301
917 1393
1339 1376
1410 1399
460 1279
940 1420
1422 1178
105 1325
1406 1339
1405 1354
1380 348
1275 1393
1347 668
1364 1177
1417 1332
1357 1410
1348 1192
1372 1381
635 1422
1220 1421
1412 1386
1421 949
1412 1202
1243 129
966 1408
1416 675
1420 398
1086 1381
1354 1418
1418 1265
1384 1214
1391 1096
1405 1322
1292 1418
1222 1378
1252 1393
1406 1266
1416 548
1339 1416
1367 1288
1410 1371
985 1407
1421 431
1117 1422
305 1327
1211 1419
1205 805
1271 1159
1377 941
1369 1410
900 1399
1154 1422
1407 495
890 1421
1409 566
1415 1351
1338 1414
1404 1313
1414 1382
1401 1415
1313 1296
949 1373
584 1421
1418 174
59 1413
1236 1346
908 1386
1078 1393
1318 1414
1395 603
1422 550
1377 1333
699 1360
1099 1413
1380 1309
1287 1203
1394 21
634 1411
1418 1204
1420 1194
1031 1351
303 1369
1410 1384
476 1420
1381 1249
1370 599
1245 407
1416 1269
78 1408
1422 747
677 1415
1341 1420
1422 920
1413 879
1400 1412
415 1335
522 1354
47 1412
515 1419
1006 1422
1394 1412
991 1390
6 1420
750 1330
1300 410
560 1360
1418 712
37 1421
1055 1294
1413 463
1223 1389
1260 1261
1396 97
1259 1380
1370 1405
875 1354
1393 631
438 1418
1393 966
1217 1418
1410 1103
1292 1152
100 1274
1420 1082
1079 1415
957 1421
863 1348
1101 1081
1058 287
645 1421
1215 17
1422 1331
1421 1336
1237 1417
1236 1248
1164 1372
1032 1418
1288 69
1420 915
203 1375
1329 1276
1408 1305
544 1415
1041 1416
1421 639
1419 840
1392 1414
1422 1166
730 599
1262 1417
770 1206
1418 392
1271 1419
1004 1421
1422 1076
692 1417
1420 1400
1196 1393
1418 848
1422 1299
1241 1363
918 1296
410 1422
1407 645
1380 1406
108 1420
1359 1415
1360 505
1390 1127
1199 453
983 1420
993 1409
1384 1414
454 1420
1402 489
1347 1410
1379 1097
1165 1421
1199 1413
1327 1192
893 1422
548 1422
1372 518
1033 1377
151 1357
1074 1402
1378 1061
1184 1419
1396 554
1309 1144
1408 1117
1318 1421
993 1394
1256 1415
975 1420
776 1421
595 1422
1059 1386
1086 538
277 1335
727 1418
1307 158
1397 498
1005 1328
1386 1256
887 1316
1071 1363
1404 1106
41 1350
1133 1416
1409 551
1421 316
854 1420
1419 1264
221 1420
948 1418
67 1271
1411 106
1329 1037
1001 1422
1292 1143
1397 846
290 1361
1357 723
294 1326
1394 741
1390 427
1371 1198
435 1416
1418 82
1308 550
1270 375
1398 1044
1414 1331
1414 1258
683 1324
1362 329
1312 19
609 1421
1314 1362
1189 1310
1356 1410
596 1381
336 1366
1310 1191
1408 1080
1100 1372
1389 1079
1224 1421
994 1353
1125 1418
1421 647
816 1279
1315 75
1008 1367
1420 1201
1049 147
45 1422
494 1421
716 1394
925 1352
923 801
1336 81
1351 249
1394 1327
1415 1219
1267 1363
1333 1413
1238 1415
1422 978
1232 1354
9 1422
1186 1420
1370 710
1335 655
176 1422
331 1420
1421 245
1321 553
516 1418
1420 317
1304 60
1405 1399
1300 534
1265 549
1342 558
1403 1218
1192 1230
1422 479
1310 1332
1116 615
1419 1074
1413 567
1272 1234
1334 1420
1421 238
924 1405
128 1422
1365 262
537 1420
120 1411
1422 1158
165 1418
1341 1422
1123 1418
1398 652
1136 1315
1298 1373
989 1395
1410 1381
1382 122
378 1420
1340 458
517 1276
250 1422
811 1415
467 1347
514 1390
1411 1111
1299 652
1113 1396
1419 1288
1390 429
447 1383
488 1095
1398 684
1420 706
1408 1401
1291 421
1397 440
428 1421
1358 1385
921 1420
964 1264
1113 607
530 1345
742 1390
1091 1356
748 1413
1196 1365
1419 845
958 1422
1385 183
835 1421
1290 1328
1404 1401
860 1420
1422 1251
1295 501
133 1390
1416 1198
903 1422
1387 695
1390 933
1420 558
1420 217
1422 782
84 1344
1365 1414
1193 1377
1411 500
388 1378
1357 1373
1329 1406
1237 1201
1418 52
1338 386
1422 426
1335 1061
1420 1304
520 1349
1366 1359
1395 698
1419 390
905 1413
1382 577
1420 690
11 1409
1413 914
1307 1386
1390 1410
1395 1416
980 1122
1264 1422
1391 1259
767 1063
1412 1378
1416 853
1410 1392
674 1357
1239 624
1420 1101
1417 535
1414 1297
1337 1415
1010 1383
1401 1390
1104 1388
1370 170
1384 1116
1387 1172
1422 1131
1412 1325
1398 1305
1361 662
1418 1174
1090 1420
1421 1344
654 774
1405 1383
641 1422
1113 1388
102 1319
1214 1410
422 1417
1367 774
1337 1286
1190 1422
314 1340
1417 1381
458 1121
894 1422
1392 1412
1337 1302
667 1421
1243 1209
860 1407
626 1361
1308 1036
1216 1415
1406 1400
663 1422
1412 1390
1421 1119
1422 576
1420 399
1208 1408
1362 1422
1327 1253
12 1083
1378 28
77 1378
1399 1412
1341 1349
1396 657
1233 1418
1412 1367
1207 1380
1405 413
1422 798
1422 1229
1413 1226
1410 1312
1387 789
780 1382
1377 791
1422 272
494 1422
1422 490
177 1308
1299 1413
478 1414
256 1420
424 1422
611 1422
380 1369
1188 1148
1018 1418
292 1288
1382 1304
1397 253
1327 406
1 1330
876 1361
559 1409
1413 921
1403 1137
996 1371
874 1394
1333 977
598 642
1416 1401
1303 762
1412 1366
1392 944
1172 1420
1365 532
954 1417
663 1394
1403 1210
1404 1399
869 1422
276 1349
1137 764
116 1400
1413 1167
468 1420
704 1393
1363 841
542 1413
432 1422
1420 96
1302 164
1407 891
419 1387
941 1422
1422 850
1405 1347
914 1289
1419 882
1372 280
1388 1102
1105 1416
1040 1317
1049 1380
1277 1309
1420 545
1376 1209
1406 1385
271 1422
1133 751
1136 1418
1422 1204
646 1414
423 1417
1047 1408
153 1305
1140 1381
943 1422
1422 851
1390 511
1336 175
1395 1251
1415 628
92 1422
1399 1403
1338 54
1422 759
1420 747
1419 1301
1420 1264
1417 343
1410 1366
1272 1243
789 1369
1144 1418
1408 970
1405 1367
1387 1228
1418 660
1422 1107
1213 395
1177 1374
878 1370
957 1420
1422 240
1108 1025
1420 672
1148 1337
450 536
112 1420
1419 135
206 1315
1414 241
1402 1102
1416 448
1287 1421
392 1407
802 1376
1010 1312
1281 1297
1156 1138
1408 1400
825 1421
913 1422
1408 1046
1420 675
1377 308
1151 1389
1128 1373
1414 1372
525 1295
493 1373
1220 1393
1415 150
871 1388
1422 997
738 881
1396 334
421 643
559 1422
1260 1422
1389 1312
737 1383
506 1132
1373 1216
524 1417
1382 1419
1422 1051
1394 715
1411 469
1235 1416
1268 1421
1088 1389
1337 1205
1302 1420
956 644
1418 1141
1381 1050
526 1415
1419 1093
1386 1317
969 1369
1412 1293
1404 1355
0 1421
1379 711
1413 1149
99 1422
1384 509
1412 180
662 1422
1417 1319
1412 1383
1421 555
1397 57
1351 1089
1363 1416
918 1402
1420 610
1420 1164
888 1394
1406 1376
952 1422
1320 1393
1244 927
1041 1240
1412 1377
1273 1341
1173 1373
1395 1273
1420 882
1420 720
1398 14
1064 1416
1379 1134
130 1419
1042 1408
1421 875
932 1420
1421 234
1378 443
1414 1376
1422 511
1422 1094
1360 1412
374 1117
1419 1126
1313 1408
1284 1078
909 1384
893 749
1404 470
1240 450
852 1422
1093 1413
1421 706
365 1422
876 1384
1283 1090
1380 1414
1419 608
1421 536
1415 95
1407 1399
1225 369
1387 827
1364 285
1422 676
510 1328
457 1385
1422 1095
1422 1054
1296 1420
1418 1251
1360 1280
1391 871
1329 1414
1368 1414
937 1415
1386 961
387 1418
167 1419
1121 859
1175 1416
1420 1068
1405 1362
644 1421
776 1388
1279 163
1415 282
762 1422
504 1413
381 1387
1385 168
1422 988
1356 344
1268 1267
1415 1133
1412 1401
1421 788
1399 1419
1407 705
1421 1258
676 1420
1253 1405
1412 1040
718 1421
803 1372
455 1422
1414 795
799 1422
1422 884
1421 1248
740 1355
1415 1331
963 1254
207 1394
1412 1382
973 1320
446 1421
1420 1399
1225 748
1422 1050
1416 1379
755 1420
737 1388
1377 471
1416 968
1421 1359
1414 1400
461 1422
1421 1400
1404 1363
1402 562
565 1376
650 1416
1025 1421
1410 1394
866 1403
1402 692
863 1417
1406 1388
302 1417
1404 1361
1142 1394
1065 1120
1419 419
586 902
1420 1143
1208 1419
1281 1273
604 1420
1415 1068
1421 486
254 1392
1422 606
608 1358
36 1421
1314 500
1418 524
1414 1361
1422 296
987 1391
1409 1187
1379 468
1405 1379
1149 1417
955 1421
1290 1357
591 1394
1365 1189
1193 613
1414 442
1419 1067
611 771
1421 1028
1413 812
1148 1403
1417 616
1177 1421
1356 1405
1072 1367
1168 1388
1230 1318
1397 1261
1349 1108
910 1421
549 1384
481 1387
1412 739
1420 1183
1283 1379
1383 1353
1397 101
838 1421
1414 1019
1340 588
1195 1352
1411 429
145 1416
1332 1099
1420 1060
1387 283
1383 837
1380 1412
1421 564
1412 1393
1414 1315
693 1418
824 1384
1418 514
1317 1210
1421 523
1419 668
236 1371
1221 1236
839 1375
1316 1317
489 1215
1369 669
1402 1084
1337 1370
1405 1373
1364 288
827 1418
1396 5
327 1368
1371 629
1392 1282
790 1416
951 1421
864 1370
1407 1286
1389 767
345 1272
822 1419
1422 775
1334 397
1379 1410
453 1407
1368 1416
1367 257
1377 437
1053 1419
1385 745
1362 1419
655 1412
1127 1368
1417 543
1012 1408
1404 1151
1418 730
1419 648
487 1422
1349 357
1330 1298
1416 1225
1106 1421
1351 527
1415 1183
834 1295
1411 55
1421 1394
1417 137
665 35
1417 1271
1419 1242
1253 1376
1416 1015
1253 1418
568 1417
1114 1422
406 1403
638 1393
1420 484
930 946
713 1412
124 1380
247 1418
401 1422
1271 666
1408 389
1356 1369
125 1279
1297 157
1422 1170
1417 388
1374 1270
1282 1302
1410 1263
1399 1421
1420 952
1419 452
1386 355
1422 541
1420 587
1386 24
1418 233
1421 1234
1396 1212
1410 1362
1418 563
228 1406
1419 414
1386 1286
1406 479
1420 999
1320 1412
1385 1062
1161 1421
462 1422
1413 1266
1324 758
140 1421
1163 1367
1419 1190
1422 486
1420 886
698 1422
1422 755
591 1409
523 1354
32 1379
687 1389
1405 1335
1421 650
1418 1256
1421 1150
190 1393
1421 146
1419 1283
1402 1400
1420 1313
1311 1070
1389 824
1421 1043
1418 62
1085 1390
1236 1394
1421 193
1418 763
1417 640
1377 1416
391 1422
1420 911
1146 502
616 1346
922 1418
1422 434
1114 1322
1422 1296
1416 1372
1348 1162
1415 1400
1414 1391
1412 1349
1417 1338
1385 71
1410 1340
1407 1075
1411 1115
142 1197
865 1420
1234 1420
1421 1330
1094 1336
797 1413
543 1418
1418 467
712 1406
1381 1364
1409 1400
1282 1389
83 1422
739 1422
1392 1070
1356 1399
1098 1290
1406 1348
1382 1269
936 1409
534 1390
1299 1421
269 461
1191 1408
1052 1391
1332 1325
1392 43
623 412
1405 1207
672 1422
1146 859
1367 1414
1403 697
849 1323
1402 988
830 1411
1420 1136
1420 757
1075 1420
1419 1071
1378 537
1407 529
745 1420
862 1396
1411 497
1422 1139
1314 1394
1409 1165
984 619
1409 788
1387 1110
926 1391
1140 1419
200 1419
626 1422
64 1419
1281 679
1348 580
260 1280
793 1074
1410 1285
1345 1418
1389 777
1416 1386
1417 1240
1250 1408
1381 315
1418 888
1418 593
188 1419
1153 1345
1420 1077
1408 1172
1407 807
962 1411
1421 1401
723 1179
1362 1155
1272 1415
1316 1420
1291 1246
326 1360
693 1421
1278 1422
845 1422
617 1286
1422 756
353 1292
1419 1289
1363 1345
1318 724
1381 519
864 1422
1409 76
684 1274
1422 1210
313 1416
1422 1082
634 1370
1422 1231
1408 1112
689 1420
1176 1418
1309 1406
953 1418
404 1419
1420 1005
1315 1239
360 1422
1419 1401
323 1419
1224 1414
700 1422
1028 1409
1363 1421
1382 595
1421 614
1375 719
1420 1157
1422 1182
1422 872
1391 8
1200 1419
420 1386
1346 1343
1343 1422
1222 613
141 1322
1265 1384
1415 1039
1416 1319
708 1416
1412 1339
1408 465
452 1418
1419 1339
1397 504
1410 1400
1027 1391
1420 796
1405 1400
1422 545
808 1422
1284 540
1367 590
1417 1038
1420 942
1415 1125
1421 66
1389 843
443 1420
721 1418
1421 783
1415 457
1351 1419
1406 967
1414 867
1410 1374
1147 1318
1420 1003
765 1422
1159 1422
622 1420
1417 938
1420 1256
1358 750
1317 814
1412 1280
1341 1406
472 1334
1411 295
642 1409
118 597
1421 519
1413 1119
1418 696
606 1403
160 1421
1344 805
1405 806
244 1393
1213 222
1275 1420
1422 23
1417 982
1406 1394
1343 1312
252 1386
1422 568
1420 751
1409 900
1418 813
1412 1370
1320 232
1383 1180
411 1418
1209 1324
1419 1393
1376 1400
1377 1301
1411 400
627 1408
1405 1341
1389 293
1406 1381
1422 510
1359 1295
1348 1381
1254 1419
1422 1137
792 1420
1378 654
1352 38
1408 612
1422 615
535 1421
1347 1415
1419 1155
1154 1332
248 1418
1075 1422
1410 465
1408 242
1014 1351
1417 342
1422 836
1421 1162
1421 799
1387 1421
1418 426
1019 1422
1410 1220
843 1305
1197 1411
1374 1053
571 1413
1342 1319
1385 1355
1409 333
1403 1276
1374 1422
1338 935
1408 1399
539 1413
980 1421
225 1175
512 1336
1346 913
1125 1380
1422 1400
934 1411
1384 589
1352 1413
1214 1421
1418 562
1374 1214
959 1420
516 1394
1242 215
1104 1373
1422 1152
547 1422
499 1411
709 1422
1422 898
1381 700
1385 1166
1362 415
1420 186
681 1316
441 1289
1417 781
770 1420
880 1230
1421 694
1414 1036
1416 890
1421 1237
959 1387
1235 1342
1403 787
1389 53
134 1373
609 1413
1385 196
490 1409
444 1380
1420 930
1420 1238
925 1419
1420 1187
1323 1412
1350 445
1186 1421
1421 522
527 1178
832 690
1418 584
775 1394
1150 1422
818 1407
1416 1099
1422 1202
1334 749
1411 711
1422 192
1421 943
1407 618
1407 575
1406 1110
780 1326
1285 887
1033 1418
1412 1384
1142 1422
830 437
191 1410
878 1371
1404 1391
1422 795
1411 1241
1421 1138
1404 1379
1376 1115
1375 669
1379 1188
1407 1164
1417 74
620 1403
50 1346
1171 1400
273 1418
501 1419
1049 1384
520 1402
832 1342
786 1415
1419 1378
1303 1294
664 1422
507 1394
782 1407
1072 1349
377 1422
1411 933
769 1409
1416 425
1092 1418
819 981
1422 581
1420 868
1412 1373
480 1118
757 1416
1422 1064
1359 1046
641 1393
600 1420
1402 997
1403 1035
1421 891
1377 199
691 1161
979 1422
1211 633
1410 1307
1422 702
1419 869
1403 178
1362 1088
1422 1167
1417 1235
1402 922
1419 1387
1421 760
1356 638
1066 1403
1230 1420
111 1420
1038 1282
370 1384
928 1322
1360 1333
205 1402
1359 25
1298 1100
686 1416
533 1243
947 1419
800 1422
347 1331
1365 1321
1407 687
1406 1373
703 1322
1180 1029
1206 1420
1421 394
1419 560
299 1311
1415 699
349 1034
1422 1226
1420 451
946 1334
1422 1023
1351 1416
1211 1421
1420 1401
766 1367
1306 540
1407 1309
1331 1052
278 1422
846 1262
1422 1215
1420 908
1410 792
1422 577
1017 1310
1420 903
1422 974
1247 850
1411 1285
1373 1419
1298 752
1419 1056
1272 1422
1334 115
1416 508
1130 1418
1421 304
1410 1325
1416 1300
1411 857
1409 576
1403 906
1415 1379
1421 1116
1383 557
702 1332
967 1403
1419 1259
940 1413
1326 1173
1420 724
1415 1255
667 1187
1193 1102
354 1343
541 1371
1373 731
1411 1004
1421 279
821 1127
1420 1163
1350 1112
1418 858
742 1421
889 1422
1381 1414
1408 1035
1370 1238
1422 214
1419 1152
1020 1420
561 1418
1418 912
1413 1401
1418 447
1420 945
1422 1258
1006 1419
1422 1089
1201 1027
470 459
1412 1342
1355 513
790 1411
1371 1422
98 1368
1353 1419
1415 1103
1138 1420
1141 1391
1213 1198
1420 475
1422 1319
1297 1342
1417 1192
48 982
382 1287
1422 938
1415 474
1420 1298
1379 1339
709 1421
1391 856
717 1366
521 1422
1417 1303
1244 1407
836 1263
1420 1241
281 1393
1416 4
1402 63
1404 1328
1415 1045
1403 79
1383 88
405 1420
1357 1151
1422 786
1422 565
1421 1129
1420 409
1254 1306
1301 538
515 1366
592 1422
1421 239
1130 1421
1415 1200
556 1422
1422 1399
1414 923
721 970
1223 1070
1015 1394
1353 772
1024 1278
1421 213
1168 1407
1419 1334
556 1411
734 1420
371 1413
1207 1420
456 1419
1420 1363
1411 1057
1407 497
1421 1228
1406 1369
1411 1401
1413 932
1411 275
1409 1401
1365 1043
1364 1047
1168 1420
1422 726
1418 1399
1418 1318
1419 826
1372 976
1410 1343
1330 1350
784 1410
620 1208
1080 1239
1418 963
223 1415
1422 70
1409 916
1413 1122
1413 856
351 1420
1420 1347
1379 1414
1413 352
1422 1080
1364 1422
1422 417
583 572
1420 912
768 1391
1413 582
1418 1030
1415 906
263 1422
1421 965
1420 579
420 1422
1346 1128
1422 408
1420 763
781 1420
1413 1251
1301 1378
1037 1417
1421 934
1417 1400
1420 512
760 1411
1422 1073
1416 1217
1413 218
1415 1009
1411 197
1153 1422
1410 733
1344 1263
1415 491
820 1420
720 1421
1420 402
710 1363
1422 896
1421 1226
1414 1029
1411 65
1420 977
1402 852
312 1421
1157 1043
1421 509
1353 732
1416 1332
1346 1180
1421 1331
659 1411
1419 1023
1420 677
1353 3
1349 143
1420 1270
1342 485
1421 1169
1420 1267
1409 1135
935 1260
601 1341
1402 825
1421 408
1420 376
1422 1274
1407 309
1418 1276
325 1292
1419 964
1378 990
1414 1195
1402 809
204 1354
945 1422
1420 727
1422 1029
1403 573
1422 1401
1422 629
1421 873
1197 1343
1409 897
1419 1323
1422 899
405 1421
1421 1086
1403 879
1407 1087
1407 573
367 1421
1357 664
1407 1169
1339 171
496 972
1421 594
1421 68
1418 812
1403 1400
1409 1237
1421 1094
1419 448
1413 425
1421 1194
1403 1001
1278 861
1421 578
1422 818
1146 1420
1266 1344
1420 1249
1411 1400
1358 1238
1422 603
829 1422
1418 926
1421 1058
1422 161
1422 1222
1420 653
1366 1336
1402 779
1371 1414
1421 1054
1421 1274
1364 1324
754 1391
1339 636
1420 1048
361 785
436 1130
1351 1077
1420 793
1421 1182
1421 476
1411 585
1421 582
1268 1190
1412 1365
1422 34
1421 854
1422 919
1421 765
1421 911
1336 1026
1421 685
1324 816
1297 600
1421 777
1421 979
1343 297
1385 674
1410 1336
1291 1343
471 1390
1248 1340
1307 330
1365 831
